toneMatrix =   [6   7   1   7   1   3   7   3   3   6   5   6   1   5   0   3   3  ... 
    4   3   4   1   3   0   1   1   1   7   4   4   7   7   0   6   7   1   7   1  ... 
    3   7   0   3   3   6   5   6   1   5   0   3   4   1   7   7   1   2   2   3  ... 
    1   0   1   7   6   6   7   5   6   0   1   2   3   2   3   5   2   0   5   5  ...
    1   7   1   3   3   0   0   6   7   1   7   2   2   1   5   5   0   4   3   2  ...
    1   3   3   0   3   6   5   5   3   2   1   0   1   2   1   2   2   5   3   0  ...
    3   6   5   3   2   1   0   1   2   1   2   2   7   6   0   6   7   6];
noctaveMatrix =[0   0   1   0   1   1   0   0   0   0   0   0   1   0   0   0   0  ...
    0   0   0   1   0   0   1   1   1   0   0   0   0   0   0   0   0   1   0   1  ...
    1   0   0   0   0   0   0   0   1   0   0   0   0   1   0   0   1   1   1   1  ...
    1   0   1   0   0   0   0   0   0   0   1   1   1   1   1   1   1   0   0   0  ...
    1   0   1   1   1   0   0   0   0   1   0   1   1   1   0   0   0   1   1   1  ...
    1   1   1   0   1   1   1   1   1   1   1   0   1   1   1   1   1   1   1   0  ...
    1   1   1   1   1   1   0   1   1   1   1   1   0   0   0   0   0   0];
risingMatrix = [0   0   0   0   0   0   0   0   0   0   0   0   0   0   0   0   0  ...
    0   0   0   0   0   0   0   0   0   0   1   1   0   0   0   0   0   0   0   0  ...
    0   0   0   0   0   0   0   0   0   0   0   0   0   0   0   0   0   0   0   0  ...
    0   0   0   0   0   0   0   1   0   0   0   0   0   0   0   0   0   0   0   0  ...
    0   0   0   0   0   0   0   0   0   0   0   0   0   0   0   0   0   0   0   0  ...
    0   0   0   0   0   0   0   0   0   0   0   0   0   0   0   0   0   0   0   0  ...
    0   0   0   0   0   0   0   0   0   0   0   0   0   0   0   0   0   0];
rhythmMatrix = 1.5*[1/8 1/8 3/8 1/8 1/4 1/4 3/4 1/8 1/8 3/8 1/8 1/4 1/4 2/4 1/4 1/8 ...
    1/8 3/8 1/8 1/8 3/8 2/4 1/8 1/8 1/8 1/8 3/8 1/8 1/4 1/4 2/4 1/4 1/8 1/8 3/8 1/8 ...
    1/4 1/4 2/4 1/4 1/8 1/8 3/8 1/8 1/4 1/4 3/4 1/8 1/8 1/4 1/8 1/8 1/4 1/4 1/8 1/8 ...
    1/8 1/4 1/4 1/4 1/8 1/8 1/8 1/4 1/4 2/4 1/4 1/8 1/8 3/8 1/8 1/4 1/4 2/4 1/4 1/8 ...
    1/8 1/8 1/8 1/4 1/4 2/4 1/4 1/4 1/8 1/8 1/4 1/4 1/8 1/8 3/8 1/8 1/4 1/4 1/4 1/4 ...
    1/4 1/4 4/4 2/4 1/4 1/4 2/4 1/4 1/4 1/8 1/8 1/4 1/8 1/8 1/4 1/8 1/8 1/8 1/4 2/4 ...
    1/4 1/4 2/4 2/4 1/8 1/8 2/4 1/8 1/8 1/4 1/8 1/8 1/8 1/4 2/4 1/4 1/8 1/8 4/4];